bin/server 12349
bot version 1036
headers: 
Content-Length :  0
body: 

headers: 
Content-Length :  0
move :  try to move at position x y: "move x y"
show :  show matrix: "show"
what are you doing? :  playing tic-tac-toe
whoami :  show your symbol: "whoami"
body: 

headers: 
Content-Length :  201
body: 
0 0 0 	0 0 0 	0 0 0 	
0 0 0 	0 0 0 	0 0 0 	
0 0 0 	0 0 0 	0 0 0 	

0 0 0 	0 0 0 	0 0 0 	
0 0 0 	0 1 0 	0 0 0 	
0 0 0 	0 0 0 	0 0 0 	

0 0 0 	0 0 0 	0 0 0 	
0 0 0 	0 0 0 	0 0 0 	
0 0 0 	0 0 0 	0 0 0 	


----------------------------------------------
(move 2 8 )
----------------------------------------------
headers: 
Content-Length :  201
body: 
0 0 0 	0 0 0 	0 0 0 	
0 0 0 	0 0 0 	0 0 0 	
0 0 0 	0 0 0 	0 0 0 	

0 0 0 	0 0 0 	0 0 0 	
0 0 0 	0 1 0 	0 0 0 	
0 0 0 	0 0 0 	0 0 0 	

0 0 0 	0 0 0 	0 0 0 	
0 0 0 	0 0 0 	0 0 0 	
0 0 0 	0 0 0 	0 0 0 	


----------------------------------------------
(move 1 8 )
----------------------------------------------
headers: 
Content-Length :  201
body: 
0 0 0 	0 0 0 	0 0 0 	
0 0 0 	0 0 0 	0 0 0 	
0 0 0 	0 0 0 	0 0 0 	

0 0 0 	0 0 0 	0 0 0 	
0 0 0 	0 1 0 	0 0 0 	
0 0 0 	0 0 0 	0 0 0 	

0 0 0 	0 0 0 	0 0 0 	
0 0 0 	0 0 0 	0 0 0 	
0 0 0 	0 0 0 	0 0 0 	


----------------------------------------------
(move 6 8 )
----------------------------------------------
headers: 
Content-Length :  201
body: 
0 0 0 	0 0 0 	0 0 0 	
0 0 0 	0 0 0 	0 0 0 	
0 0 0 	0 0 0 	0 0 0 	

0 0 0 	0 0 0 	0 0 0 	
0 0 0 	0 1 0 	0 0 0 	
0 0 0 	0 0 0 	0 0 0 	

0 0 0 	0 0 0 	0 0 0 	
0 0 0 	0 0 0 	0 0 0 	
0 0 0 	0 0 0 	0 0 0 	


----------------------------------------------
(move 2 4 )
----------------------------------------------
headers: 
Content-Length :  201
body: 
0 0 0 	0 0 0 	0 0 0 	
0 0 0 	0 0 0 	0 0 0 	
0 0 0 	0 0 0 	0 0 0 	

0 0 0 	0 0 0 	0 0 0 	
0 0 0 	0 1 0 	0 0 0 	
0 0 0 	0 0 0 	0 0 0 	

0 0 0 	0 0 0 	0 0 0 	
0 0 0 	0 0 0 	0 0 0 	
0 0 0 	0 0 0 	0 0 0 	


----------------------------------------------
(move 7 2 )
----------------------------------------------
headers: 
Content-Length :  201
body: 
0 0 0 	0 0 0 	0 0 0 	
0 0 0 	0 0 0 	0 0 0 	
0 0 0 	0 0 0 	0 0 0 	

0 0 0 	0 0 0 	0 0 0 	
0 0 0 	0 1 0 	0 0 0 	
0 0 0 	0 0 0 	0 0 0 	

0 0 0 	0 0 0 	0 0 0 	
0 0 0 	0 0 0 	0 0 0 	
0 0 0 	0 0 0 	0 0 0 	


----------------------------------------------
(move 6 5 )
----------------------------------------------
headers: 
Content-Length :  201
body: 
0 0 0 	0 0 0 	0 0 0 	
0 0 0 	0 0 0 	0 0 0 	
0 0 0 	0 0 0 	0 0 0 	

0 0 0 	0 0 0 	0 0 0 	
0 0 0 	0 1 0 	0 0 0 	
0 0 0 	0 2 0 	0 0 0 	

0 0 0 	1 0 0 	0 0 0 	
0 0 0 	0 0 0 	0 0 0 	
0 0 0 	0 0 0 	0 0 0 	


----------------------------------------------
(move 6 8 )
----------------------------------------------
headers: 
Content-Length :  201
body: 
0 0 0 	0 0 0 	0 0 0 	
0 0 0 	0 0 0 	0 0 0 	
0 0 0 	0 0 0 	0 0 0 	

0 0 0 	0 0 0 	0 0 0 	
0 0 0 	0 1 0 	0 0 0 	
0 0 0 	0 2 0 	0 0 0 	

0 0 0 	1 0 0 	0 0 0 	
0 0 0 	0 0 0 	0 0 0 	
0 0 0 	0 0 0 	0 0 0 	


----------------------------------------------
(move 6 5 )
----------------------------------------------
headers: 
Content-Length :  201
body: 
0 0 0 	0 0 0 	0 0 0 	
0 0 0 	0 0 0 	0 0 0 	
0 0 0 	0 0 0 	0 0 0 	

0 0 0 	0 0 0 	0 0 0 	
0 0 0 	0 1 0 	0 0 0 	
0 0 0 	0 2 0 	0 0 0 	

0 0 0 	1 0 0 	0 0 0 	
0 0 0 	0 0 0 	0 0 0 	
0 0 0 	0 0 0 	0 0 0 	


----------------------------------------------
(move 7 1 )
----------------------------------------------
headers: 
Content-Length :  201
body: 
0 0 0 	0 0 0 	0 0 0 	
0 0 0 	0 0 0 	0 0 0 	
0 0 0 	0 0 0 	0 0 0 	

0 0 0 	0 0 0 	0 0 0 	
0 0 0 	0 1 0 	0 0 0 	
0 0 0 	0 2 0 	0 0 0 	

0 0 0 	1 0 0 	0 0 0 	
0 0 0 	0 0 0 	0 0 0 	
0 0 0 	0 0 0 	0 0 0 	


----------------------------------------------
(move 8 2 )
----------------------------------------------
headers: 
Content-Length :  201
body: 
0 0 0 	0 0 0 	0 0 0 	
0 0 0 	0 0 0 	0 0 0 	
0 0 0 	0 0 0 	0 0 0 	

0 0 0 	0 0 0 	0 0 0 	
0 0 0 	0 1 0 	0 0 0 	
0 0 0 	0 2 0 	0 0 0 	

0 0 0 	1 0 0 	0 0 0 	
0 0 0 	0 0 0 	0 0 0 	
0 0 0 	0 0 0 	0 0 0 	


----------------------------------------------
(move 9 9 )
----------------------------------------------
headers: 
Content-Length :  201
body: 
0 0 0 	0 0 0 	0 0 0 	
0 0 0 	0 0 0 	0 0 0 	
0 0 0 	0 0 0 	0 0 0 	

0 0 0 	0 0 0 	0 0 0 	
0 0 0 	0 1 0 	0 0 0 	
0 0 0 	0 2 0 	0 0 0 	

0 0 0 	1 0 0 	0 0 0 	
0 0 0 	0 0 0 	0 0 0 	
0 0 0 	0 0 0 	0 0 0 	


----------------------------------------------
(move 7 7 )
----------------------------------------------
headers: 
Content-Length :  201
body: 
0 0 0 	0 0 0 	0 0 0 	
0 0 0 	0 0 0 	0 0 0 	
0 0 0 	0 0 0 	0 0 0 	

0 0 0 	0 0 0 	0 0 0 	
0 0 0 	0 1 0 	0 0 0 	
0 0 0 	0 2 0 	0 0 0 	

0 0 0 	1 0 0 	0 0 0 	
0 0 0 	0 0 0 	0 0 0 	
0 0 0 	0 0 0 	0 0 0 	


----------------------------------------------
(move 9 9 )
----------------------------------------------
headers: 
Content-Length :  201
body: 
0 0 0 	0 0 0 	0 0 0 	
0 0 0 	0 0 0 	0 0 0 	
0 0 0 	0 0 0 	0 0 0 	

0 0 0 	0 0 0 	0 0 0 	
0 0 0 	0 1 0 	0 0 0 	
0 0 0 	0 2 0 	0 0 0 	

0 0 0 	1 0 0 	0 0 0 	
0 0 0 	0 0 0 	0 0 0 	
0 0 0 	0 0 0 	0 0 0 	


----------------------------------------------
(move 9 5 )
----------------------------------------------
headers: 
Content-Length :  201
body: 
0 0 0 	0 0 0 	0 0 0 	
0 0 0 	0 0 0 	0 0 0 	
0 0 0 	0 0 0 	0 0 0 	

0 0 0 	0 0 0 	0 0 0 	
0 0 0 	0 1 0 	0 0 0 	
0 0 0 	0 2 0 	0 0 0 	

0 0 0 	1 0 0 	0 0 0 	
0 0 0 	0 0 0 	0 0 0 	
0 0 0 	0 0 0 	0 0 0 	


----------------------------------------------
(move 2 2 )
----------------------------------------------
headers: 
Content-Length :  201
body: 
0 0 0 	0 0 0 	0 0 0 	
0 2 0 	0 0 0 	0 0 0 	
0 0 0 	0 0 0 	0 0 0 	

0 0 0 	1 0 0 	0 0 0 	
0 0 0 	0 1 0 	0 0 0 	
0 0 0 	0 2 0 	0 0 0 	

0 0 0 	1 0 0 	0 0 0 	
0 0 0 	0 0 0 	0 0 0 	
0 0 0 	0 0 0 	0 0 0 	


----------------------------------------------
(move 6 1 )
----------------------------------------------
headers: 
Content-Length :  201
body: 
0 0 0 	0 0 0 	0 0 0 	
0 2 0 	0 0 0 	0 0 0 	
0 0 0 	0 0 0 	0 0 0 	

0 0 0 	1 0 0 	0 0 0 	
0 0 0 	0 1 0 	0 0 0 	
0 0 0 	0 2 0 	0 0 0 	

0 0 0 	1 0 0 	0 0 0 	
0 0 0 	0 0 0 	0 0 0 	
0 0 0 	0 0 0 	0 0 0 	


----------------------------------------------
(move 1 4 )
----------------------------------------------
headers: 
Content-Length :  201
body: 
0 0 0 	0 0 0 	0 0 0 	
0 2 0 	0 0 0 	0 0 0 	
0 0 0 	0 0 0 	0 0 0 	

0 0 0 	1 0 0 	0 0 0 	
0 0 0 	0 1 0 	0 0 0 	
0 0 0 	0 2 0 	0 0 0 	

0 0 0 	1 0 0 	0 0 0 	
0 0 0 	0 0 0 	0 0 0 	
0 0 0 	0 0 0 	0 0 0 	


----------------------------------------------
(move 6 4 )
----------------------------------------------
headers: 
Content-Length :  201
body: 
0 0 0 	0 0 0 	0 0 0 	
0 2 0 	0 0 0 	0 0 0 	
0 0 0 	0 0 0 	0 0 0 	

0 0 0 	1 0 0 	0 0 0 	
0 0 0 	0 1 0 	0 0 0 	
0 0 0 	0 2 0 	0 0 0 	

0 0 0 	1 0 0 	0 0 0 	
0 0 0 	0 0 0 	0 0 0 	
0 0 0 	0 0 0 	0 0 0 	


----------------------------------------------
(move 2 8 )
----------------------------------------------
headers: 
Content-Length :  201
body: 
0 0 0 	0 0 0 	0 0 0 	
0 2 0 	0 0 0 	0 0 0 	
0 0 0 	0 0 0 	0 0 0 	

0 0 0 	1 0 0 	0 0 0 	
0 0 0 	0 1 0 	0 0 0 	
0 0 0 	0 2 0 	0 0 0 	

0 0 0 	1 0 0 	0 0 0 	
0 0 0 	0 0 0 	0 0 0 	
0 0 0 	0 0 0 	0 0 0 	


----------------------------------------------
(move 5 8 )
----------------------------------------------
headers: 
Content-Length :  201
body: 
0 0 0 	0 0 0 	0 0 0 	
0 2 0 	0 0 0 	0 0 0 	
0 0 0 	0 0 0 	0 0 0 	

0 0 0 	1 0 0 	0 0 0 	
0 0 0 	0 1 0 	0 0 0 	
0 0 0 	0 2 0 	0 0 0 	

0 0 0 	1 0 0 	0 0 0 	
0 0 0 	0 0 0 	0 0 0 	
0 0 0 	0 0 0 	0 0 0 	


----------------------------------------------
(move 7 1 )
----------------------------------------------
headers: 
Content-Length :  201
body: 
0 0 0 	0 0 0 	0 0 0 	
0 2 0 	0 0 0 	0 0 0 	
0 0 0 	0 0 0 	0 0 0 	

0 0 0 	1 0 0 	0 0 0 	
0 0 0 	0 1 0 	0 0 0 	
0 0 0 	0 2 0 	0 0 0 	

0 0 0 	1 0 0 	0 0 0 	
0 0 0 	0 0 0 	0 0 0 	
0 0 0 	0 0 0 	0 0 0 	


----------------------------------------------
(move 1 3 )
----------------------------------------------
headers: 
Content-Length :  201
body: 
0 0 2 	0 0 0 	1 0 0 	
0 2 0 	0 0 0 	0 0 0 	
0 0 0 	0 0 0 	0 0 0 	

0 0 0 	1 0 0 	0 0 0 	
0 0 0 	0 1 0 	0 0 0 	
0 0 0 	0 2 0 	0 0 0 	

0 0 0 	1 0 0 	0 0 0 	
0 0 0 	0 0 0 	0 0 0 	
0 0 0 	0 0 0 	0 0 0 	


----------------------------------------------
(move 6 5 )
----------------------------------------------
headers: 
Content-Length :  201
body: 
0 0 2 	0 0 0 	1 0 0 	
0 2 0 	0 0 0 	0 0 0 	
0 0 0 	0 0 0 	0 0 0 	

0 0 0 	1 0 0 	0 0 0 	
0 0 0 	0 1 0 	0 0 0 	
0 0 0 	0 2 0 	0 0 0 	

0 0 0 	1 0 0 	0 0 0 	
0 0 0 	0 0 0 	0 0 0 	
0 0 0 	0 0 0 	0 0 0 	


----------------------------------------------
(move 6 3 )
----------------------------------------------
headers: 
Content-Length :  201
body: 
0 0 2 	0 0 0 	1 0 0 	
0 2 0 	0 0 0 	0 0 0 	
0 0 0 	0 0 0 	0 0 0 	

0 0 0 	1 0 0 	0 0 0 	
0 0 0 	0 1 0 	0 0 0 	
0 0 0 	0 2 0 	0 0 0 	

0 0 0 	1 0 0 	0 0 0 	
0 0 0 	0 0 0 	0 0 0 	
0 0 0 	0 0 0 	0 0 0 	


----------------------------------------------
(move 3 4 )
----------------------------------------------
headers: 
Content-Length :  201
body: 
0 0 2 	0 0 0 	1 0 0 	
0 2 0 	0 0 0 	0 0 0 	
0 0 0 	0 0 0 	0 0 0 	

0 0 0 	1 0 0 	0 0 0 	
0 0 0 	0 1 0 	0 0 0 	
0 0 0 	0 2 0 	0 0 0 	

0 0 0 	1 0 0 	0 0 0 	
0 0 0 	0 0 0 	0 0 0 	
0 0 0 	0 0 0 	0 0 0 	


----------------------------------------------
(move 3 2 )
----------------------------------------------
headers: 
Content-Length :  201
body: 
0 0 2 	0 0 0 	1 0 0 	
0 2 0 	0 0 0 	0 0 0 	
0 2 0 	0 0 0 	0 0 0 	

0 0 0 	1 0 0 	0 0 0 	
0 0 0 	0 1 0 	0 0 0 	
0 0 0 	0 2 0 	0 0 0 	

0 0 0 	1 1 0 	0 0 0 	
0 0 0 	0 0 0 	0 0 0 	
0 0 0 	0 0 0 	0 0 0 	


----------------------------------------------
(move 2 9 )
----------------------------------------------
headers: 
Content-Length :  201
body: 
0 0 2 	0 0 0 	1 0 0 	
0 2 0 	0 0 0 	0 0 0 	
0 2 0 	0 0 0 	0 0 0 	

0 0 0 	1 0 0 	0 0 0 	
0 0 0 	0 1 0 	0 0 0 	
0 0 0 	0 2 0 	0 0 0 	

0 0 0 	1 1 0 	0 0 0 	
0 0 0 	0 0 0 	0 0 0 	
0 0 0 	0 0 0 	0 0 0 	


----------------------------------------------
(move 9 1 )
----------------------------------------------
headers: 
Content-Length :  201
body: 
0 0 2 	0 0 0 	1 0 0 	
0 2 0 	0 0 0 	0 0 0 	
0 2 0 	0 0 0 	0 0 0 	

0 0 0 	1 0 0 	0 0 0 	
0 0 0 	0 1 0 	0 0 0 	
0 0 0 	0 2 0 	0 0 0 	

0 0 0 	1 1 0 	0 0 0 	
0 0 0 	0 0 0 	0 0 0 	
0 0 0 	0 0 0 	0 0 0 	


----------------------------------------------
(move 6 6 )
----------------------------------------------
headers: 
Content-Length :  201
body: 
0 0 2 	0 0 0 	1 0 0 	
0 2 0 	0 0 0 	0 0 0 	
0 2 0 	0 0 0 	0 0 0 	

0 0 0 	1 0 0 	0 0 0 	
0 0 0 	0 1 0 	0 0 0 	
0 0 0 	0 2 0 	0 0 0 	

0 0 0 	1 1 0 	0 0 0 	
0 0 0 	0 0 0 	0 0 0 	
0 0 0 	0 0 0 	0 0 0 	


----------------------------------------------
(move 5 5 )
----------------------------------------------
headers: 
Content-Length :  201
body: 
0 0 2 	0 0 0 	1 0 0 	
0 2 0 	0 0 0 	0 0 0 	
0 2 0 	0 0 0 	0 0 0 	

0 0 0 	1 0 0 	0 0 0 	
0 0 0 	0 1 0 	0 0 0 	
0 0 0 	0 2 0 	0 0 0 	

0 0 0 	1 1 0 	0 0 0 	
0 0 0 	0 0 0 	0 0 0 	
0 0 0 	0 0 0 	0 0 0 	


----------------------------------------------
(move 7 1 )
----------------------------------------------
headers: 
Content-Length :  201
body: 
0 0 2 	0 0 0 	1 0 0 	
0 2 0 	0 0 0 	0 0 0 	
0 2 0 	0 0 0 	0 0 0 	

0 0 0 	1 0 0 	0 0 0 	
0 0 0 	0 1 0 	0 0 0 	
0 0 0 	0 2 0 	0 0 0 	

0 0 0 	1 1 0 	0 0 0 	
0 0 0 	0 0 0 	0 0 0 	
0 0 0 	0 0 0 	0 0 0 	


----------------------------------------------
(move 6 7 )
----------------------------------------------
headers: 
Content-Length :  201
body: 
0 0 2 	0 0 0 	1 0 0 	
0 2 0 	0 0 0 	0 0 0 	
0 2 0 	0 0 0 	0 0 0 	

0 0 0 	1 0 0 	0 0 0 	
0 0 0 	0 1 0 	0 0 0 	
0 0 0 	0 2 0 	0 0 0 	

0 0 0 	1 1 0 	0 0 0 	
0 0 0 	0 0 0 	0 0 0 	
0 0 0 	0 0 0 	0 0 0 	


----------------------------------------------
(move 3 9 )
----------------------------------------------
headers: 
Content-Length :  201
body: 
0 0 2 	0 0 0 	1 0 0 	
0 2 0 	0 0 0 	0 0 0 	
0 2 0 	0 0 0 	0 0 0 	

0 0 0 	1 0 0 	0 0 0 	
0 0 0 	0 1 0 	0 0 0 	
0 0 0 	0 2 0 	0 0 0 	

0 0 0 	1 1 0 	0 0 0 	
0 0 0 	0 0 0 	0 0 0 	
0 0 0 	0 0 0 	0 0 0 	


----------------------------------------------
(move 8 4 )
----------------------------------------------
headers: 
Content-Length :  201
body: 
0 0 2 	0 0 0 	1 0 0 	
0 2 0 	0 0 0 	0 0 0 	
0 2 0 	0 0 0 	0 0 0 	

0 0 0 	1 0 0 	0 0 0 	
0 0 0 	0 1 0 	0 0 0 	
0 0 0 	0 2 0 	0 0 0 	

0 0 0 	1 1 0 	0 0 0 	
0 0 0 	0 0 0 	0 0 0 	
0 0 0 	0 0 0 	0 0 0 	


----------------------------------------------
(move 5 3 )
----------------------------------------------
headers: 
Content-Length :  201
body: 
0 0 2 	0 0 0 	1 0 0 	
0 2 0 	0 0 0 	0 0 0 	
0 2 0 	0 0 0 	0 0 0 	

0 0 0 	1 0 0 	0 0 0 	
0 0 0 	0 1 0 	0 0 0 	
0 0 0 	0 2 0 	0 0 0 	

0 0 0 	1 1 0 	0 0 0 	
0 0 0 	0 0 0 	0 0 0 	
0 0 0 	0 0 0 	0 0 0 	


----------------------------------------------
(move 1 1 )
----------------------------------------------
headers: 
Content-Length :  201
body: 
0 0 2 	0 0 0 	1 0 0 	
0 2 0 	0 0 0 	0 0 0 	
0 2 0 	0 0 0 	0 0 0 	

0 0 0 	1 0 0 	0 0 0 	
0 0 0 	0 1 0 	0 0 0 	
0 0 0 	0 2 0 	0 0 0 	

0 0 0 	1 1 0 	0 0 0 	
0 0 0 	0 0 0 	0 0 0 	
0 0 0 	0 0 0 	0 0 0 	


----------------------------------------------
(move 1 1 )
----------------------------------------------
headers: 
Content-Length :  201
body: 
0 0 2 	0 0 0 	1 0 0 	
0 2 0 	0 0 0 	0 0 0 	
0 2 0 	0 0 0 	0 0 0 	

0 0 0 	1 0 0 	0 0 0 	
0 0 0 	0 1 0 	0 0 0 	
0 0 0 	0 2 0 	0 0 0 	

0 0 0 	1 1 0 	0 0 0 	
0 0 0 	0 0 0 	0 0 0 	
0 0 0 	0 0 0 	0 0 0 	


----------------------------------------------
(move 3 7 )
----------------------------------------------
headers: 
Content-Length :  201
body: 
0 0 2 	0 0 0 	1 0 0 	
0 2 0 	0 0 0 	0 0 0 	
0 2 0 	0 0 0 	0 0 0 	

0 0 0 	1 0 0 	0 0 0 	
0 0 0 	0 1 0 	0 0 0 	
0 0 0 	0 2 0 	0 0 0 	

0 0 0 	1 1 0 	0 0 0 	
0 0 0 	0 0 0 	0 0 0 	
0 0 0 	0 0 0 	0 0 0 	


----------------------------------------------
(move 3 6 )
----------------------------------------------
headers: 
Content-Length :  201
body: 
0 0 2 	0 0 0 	1 0 0 	
0 2 0 	0 0 0 	0 0 0 	
0 2 0 	0 0 2 	0 0 0 	

0 0 0 	1 0 0 	0 0 0 	
0 0 0 	0 1 0 	0 0 0 	
0 0 0 	0 2 0 	0 0 0 	

0 0 0 	1 1 0 	1 0 0 	
0 0 0 	0 0 0 	0 0 0 	
0 0 0 	0 0 0 	0 0 0 	


----------------------------------------------
(move 7 6 )
----------------------------------------------
headers: 
Content-Length :  201
body: 
0 0 2 	0 0 0 	1 0 0 	
0 2 0 	0 0 0 	0 0 0 	
0 2 0 	0 0 2 	0 0 0 	

0 0 0 	1 0 0 	0 0 0 	
0 0 0 	0 1 0 	0 0 0 	
0 0 0 	0 2 0 	0 0 0 	

0 0 0 	1 1 0 	1 0 0 	
0 0 0 	0 0 0 	0 0 0 	
0 0 0 	0 0 0 	0 0 0 	


----------------------------------------------
(move 8 7 )
----------------------------------------------
headers: 
Content-Length :  201
body: 
0 0 2 	0 0 0 	1 0 0 	
0 2 0 	0 0 0 	0 0 0 	
0 2 0 	0 0 2 	0 0 0 	

0 0 0 	1 0 0 	0 0 0 	
0 0 0 	0 1 0 	0 0 0 	
0 0 0 	0 2 0 	0 0 0 	

0 0 0 	1 1 0 	1 0 0 	
0 0 0 	0 0 0 	0 0 0 	
0 0 0 	0 0 0 	0 0 0 	


----------------------------------------------
(move 7 9 )
----------------------------------------------
headers: 
Content-Length :  201
body: 
0 0 2 	0 0 0 	1 0 0 	
0 2 0 	0 0 0 	0 0 0 	
0 2 0 	0 0 2 	0 0 0 	

0 0 0 	1 0 0 	0 0 0 	
0 0 0 	0 1 0 	0 0 0 	
0 0 0 	0 2 0 	0 0 0 	

0 0 0 	1 1 0 	1 0 0 	
0 0 0 	0 0 0 	0 0 0 	
0 0 0 	0 0 0 	0 0 0 	


----------------------------------------------
(move 6 4 )
----------------------------------------------
headers: 
Content-Length :  201
body: 
0 0 2 	0 0 0 	1 0 0 	
0 2 0 	0 0 0 	0 0 0 	
0 2 0 	0 0 2 	0 0 0 	

0 0 0 	1 0 0 	0 0 0 	
0 0 0 	0 1 0 	0 0 0 	
0 0 0 	0 2 0 	0 0 0 	

0 0 0 	1 1 0 	1 0 0 	
0 0 0 	0 0 0 	0 0 0 	
0 0 0 	0 0 0 	0 0 0 	


----------------------------------------------
(move 7 3 )
----------------------------------------------
headers: 
Content-Length :  201
body: 
0 0 2 	0 0 0 	1 0 0 	
0 2 0 	0 0 0 	0 0 0 	
0 2 0 	0 0 2 	0 0 0 	

0 0 0 	1 0 0 	0 0 0 	
0 0 0 	0 1 0 	0 0 0 	
0 0 0 	0 2 0 	0 0 0 	

0 0 0 	1 1 0 	1 0 0 	
0 0 0 	0 0 0 	0 0 0 	
0 0 0 	0 0 0 	0 0 0 	


----------------------------------------------
(move 9 2 )
----------------------------------------------
headers: 
Content-Length :  201
body: 
0 0 2 	0 0 0 	1 0 0 	
0 2 0 	0 0 0 	0 0 0 	
0 2 0 	0 0 2 	0 0 0 	

0 0 0 	1 0 0 	0 0 0 	
0 0 0 	0 1 0 	0 0 0 	
0 0 0 	0 2 0 	0 0 0 	

0 0 0 	1 1 0 	1 0 0 	
0 0 0 	0 0 0 	0 0 0 	
0 0 0 	0 0 0 	0 0 0 	


----------------------------------------------
(move 7 7 )
----------------------------------------------
headers: 
Content-Length :  201
body: 
0 0 2 	0 0 0 	1 0 0 	
0 2 0 	0 0 0 	0 0 0 	
0 2 0 	0 0 2 	0 0 0 	

0 0 0 	1 0 0 	0 0 0 	
0 0 0 	0 1 0 	0 0 0 	
0 0 0 	0 2 0 	0 0 0 	

0 0 0 	1 1 0 	1 0 0 	
0 0 0 	0 0 0 	0 0 0 	
0 0 0 	0 0 0 	0 0 0 	


----------------------------------------------
(move 9 1 )
----------------------------------------------
headers: 
Content-Length :  201
body: 
0 0 2 	0 0 0 	1 0 0 	
0 2 0 	0 0 0 	0 0 0 	
0 2 0 	0 0 2 	0 0 0 	

0 0 0 	1 0 0 	0 0 0 	
0 0 0 	0 1 0 	0 0 0 	
0 0 0 	0 2 0 	0 0 0 	

0 0 0 	1 1 0 	1 0 0 	
0 0 0 	0 0 0 	0 0 0 	
0 0 0 	0 0 0 	0 0 0 	


----------------------------------------------
(move 2 2 )
----------------------------------------------
headers: 
Content-Length :  201
body: 
0 0 2 	0 0 0 	1 0 0 	
0 2 0 	0 0 0 	0 0 0 	
0 2 0 	0 0 2 	0 0 0 	

0 0 0 	1 0 0 	0 0 0 	
0 0 0 	0 1 0 	0 0 0 	
0 0 0 	0 2 0 	0 0 0 	

0 0 0 	1 1 0 	1 0 0 	
0 0 0 	0 0 0 	0 0 0 	
0 0 0 	0 0 0 	0 0 0 	


----------------------------------------------
(move 8 1 )
----------------------------------------------
headers: 
Content-Length :  201
body: 
0 0 2 	0 0 0 	1 0 0 	
0 2 0 	0 0 0 	0 0 0 	
0 2 0 	0 0 2 	0 0 0 	

0 0 0 	1 0 0 	0 0 0 	
0 0 0 	0 1 0 	0 0 0 	
0 0 0 	0 2 0 	0 0 0 	

0 0 0 	1 1 0 	1 0 0 	
0 0 0 	0 0 0 	0 0 0 	
0 0 0 	0 0 0 	0 0 0 	


----------------------------------------------
(move 4 3 )
----------------------------------------------
headers: 
Content-Length :  201
body: 
0 0 2 	0 0 0 	1 0 0 	
0 2 0 	0 0 0 	0 0 0 	
0 2 0 	0 0 2 	0 0 0 	

0 0 0 	1 0 0 	0 0 0 	
0 0 0 	0 1 0 	0 0 0 	
0 0 0 	0 2 0 	0 0 0 	

0 0 0 	1 1 0 	1 0 0 	
0 0 0 	0 0 0 	0 0 0 	
0 0 0 	0 0 0 	0 0 0 	


----------------------------------------------
(move 1 2 )
----------------------------------------------
headers: 
Content-Length :  201
body: 
0 2 2 	1 0 0 	1 0 0 	
0 2 0 	0 0 0 	0 0 0 	
0 2 0 	0 0 2 	0 0 0 	

0 0 0 	1 0 0 	0 0 0 	
0 0 0 	0 1 0 	0 0 0 	
0 0 0 	0 2 0 	0 0 0 	

0 0 0 	1 1 0 	1 0 0 	
0 0 0 	0 0 0 	0 0 0 	
0 0 0 	0 0 0 	0 0 0 	


----------------------------------------------
(move 3 2 )
----------------------------------------------
headers: 
Content-Length :  201
body: 
0 2 2 	1 0 0 	1 0 0 	
0 2 0 	0 0 0 	0 0 0 	
0 2 0 	0 0 2 	0 0 0 	

0 0 0 	1 0 0 	0 0 0 	
0 0 0 	0 1 0 	0 0 0 	
0 0 0 	0 2 0 	0 0 0 	

0 0 0 	1 1 0 	1 0 0 	
0 0 0 	0 0 0 	0 0 0 	
0 0 0 	0 0 0 	0 0 0 	


----------------------------------------------
(move 9 4 )
----------------------------------------------
headers: 
Content-Length :  201
body: 
0 2 2 	1 0 0 	1 0 0 	
0 2 0 	0 0 0 	0 0 0 	
0 2 0 	0 0 2 	0 0 0 	

0 0 0 	1 0 0 	0 0 0 	
0 0 0 	0 1 0 	0 0 0 	
0 0 0 	0 2 0 	0 0 0 	

1 0 0 	1 1 0 	1 0 0 	
0 0 0 	0 0 0 	0 0 0 	
0 0 0 	2 0 0 	0 0 0 	


----------------------------------------------
(move 6 3 )
----------------------------------------------
headers: 
Content-Length :  201
body: 
0 2 2 	1 0 0 	1 0 0 	
0 2 0 	0 0 0 	0 0 0 	
0 2 0 	0 0 2 	0 0 0 	

0 0 0 	1 0 0 	0 0 0 	
0 0 0 	0 1 0 	0 0 0 	
0 0 2 	0 2 0 	0 0 0 	

1 0 0 	1 1 0 	1 1 0 	
0 0 0 	0 0 0 	0 0 0 	
0 0 0 	2 0 0 	0 0 0 	


----------------------------------------------
(move 7 1 )
----------------------------------------------
headers: 
Content-Length :  201
body: 
0 2 2 	1 0 0 	1 0 0 	
0 2 0 	0 0 0 	0 0 0 	
0 2 0 	0 0 2 	0 0 0 	

0 0 0 	1 0 0 	0 0 0 	
0 0 0 	0 1 0 	0 0 0 	
0 0 2 	0 2 0 	0 0 0 	

1 0 0 	1 1 0 	1 1 0 	
0 0 0 	0 0 0 	0 0 0 	
0 0 0 	2 0 0 	0 0 0 	


----------------------------------------------
(move 8 3 )
----------------------------------------------
headers: 
Content-Length :  201
body: 
0 2 2 	1 0 0 	1 0 0 	
0 2 0 	0 0 0 	0 0 0 	
0 2 0 	0 0 2 	0 0 0 	

0 0 0 	1 0 0 	0 0 0 	
0 0 0 	0 1 0 	0 0 0 	
0 0 2 	0 2 0 	0 0 0 	

1 0 0 	1 1 0 	1 1 0 	
0 0 0 	0 0 0 	0 0 0 	
0 0 0 	2 0 0 	0 0 0 	


----------------------------------------------
(move 8 3 )
----------------------------------------------
headers: 
Content-Length :  201
body: 
0 2 2 	1 0 0 	1 0 0 	
0 2 0 	0 0 0 	0 0 0 	
0 2 0 	0 0 2 	0 0 0 	

0 0 0 	1 0 0 	0 0 0 	
0 0 0 	0 1 0 	0 0 0 	
0 0 2 	0 2 0 	0 0 0 	

1 0 0 	1 1 0 	1 1 0 	
0 0 0 	0 0 0 	0 0 0 	
0 0 0 	2 0 0 	0 0 0 	


----------------------------------------------
(move 9 2 )
----------------------------------------------
headers: 
Content-Length :  201
body: 
0 2 2 	1 0 0 	1 0 0 	
0 2 0 	0 0 0 	0 0 0 	
0 2 0 	0 0 2 	0 0 0 	

0 0 0 	1 0 0 	0 0 0 	
0 0 0 	0 1 0 	0 0 0 	
0 0 2 	0 2 0 	0 0 0 	

1 0 0 	1 1 0 	1 1 0 	
0 0 0 	0 0 0 	0 0 0 	
0 0 0 	2 0 0 	0 0 0 	


----------------------------------------------
(move 7 6 )
----------------------------------------------
headers: 
Content-Length :  201
body: 
0 2 2 	1 0 0 	1 0 0 	
0 2 0 	0 0 0 	0 0 0 	
0 2 0 	0 0 2 	0 0 0 	

0 0 0 	1 0 0 	0 0 0 	
0 0 0 	0 1 0 	0 0 0 	
0 0 2 	0 2 0 	0 0 0 	

1 0 0 	1 1 0 	1 1 0 	
0 0 0 	0 0 0 	0 0 0 	
0 0 0 	2 0 0 	0 0 0 	


----------------------------------------------
(move 2 6 )
----------------------------------------------
headers: 
Content-Length :  201
body: 
0 2 2 	1 0 0 	1 0 0 	
0 2 0 	0 0 2 	0 0 0 	
0 2 0 	0 0 2 	0 0 0 	

0 0 0 	1 0 0 	1 0 0 	
0 0 0 	0 1 0 	0 0 0 	
0 0 2 	0 2 0 	0 0 0 	

1 0 0 	1 1 0 	1 1 0 	
0 0 0 	0 0 0 	0 0 0 	
0 0 0 	2 0 0 	0 0 0 	


----------------------------------------------
(move 5 7 )
----------------------------------------------
headers: 
Content-Length :  201
body: 
0 2 2 	1 0 0 	1 0 0 	
0 2 0 	0 0 2 	0 0 0 	
0 2 0 	0 0 2 	0 0 0 	

1 0 0 	1 0 0 	1 0 0 	
0 0 0 	0 1 0 	2 0 0 	
0 0 2 	0 2 0 	0 0 0 	

1 0 0 	1 1 0 	1 1 0 	
0 0 0 	0 0 0 	0 0 0 	
0 0 0 	2 0 0 	0 0 0 	


----------------------------------------------
(move 1 5 )
----------------------------------------------
headers: 
Content-Length :  201
body: 
0 2 2 	1 2 1 	1 0 0 	
0 2 0 	0 0 2 	0 0 0 	
0 2 0 	0 0 2 	0 0 0 	

1 0 0 	1 0 0 	1 0 0 	
0 0 0 	0 1 0 	2 0 0 	
0 0 2 	0 2 0 	0 0 0 	

1 0 0 	1 1 0 	1 1 0 	
0 0 0 	0 0 0 	0 0 0 	
0 0 0 	2 0 0 	0 0 0 	


----------------------------------------------
(move 7 3 )
----------------------------------------------
headers: 
Content-Length :  201
body: 
0 2 2 	1 2 1 	1 0 0 	
0 2 0 	0 0 2 	0 0 0 	
0 2 0 	0 0 2 	0 0 0 	

1 0 0 	1 0 0 	1 0 0 	
0 0 0 	0 1 0 	2 0 0 	
0 0 2 	0 2 0 	0 0 0 	

1 0 0 	1 1 0 	1 1 0 	
0 0 0 	0 0 0 	0 0 0 	
0 0 0 	2 0 0 	0 0 0 	


----------------------------------------------
(move 4 3 )
----------------------------------------------
headers: 
Content-Length :  201
body: 
0 2 2 	1 2 1 	1 0 0 	
0 2 0 	0 0 2 	0 0 0 	
0 2 0 	0 0 2 	0 0 0 	

1 0 0 	1 0 0 	1 0 0 	
0 0 0 	0 1 0 	2 0 0 	
0 0 2 	0 2 0 	0 0 0 	

1 0 0 	1 1 0 	1 1 0 	
0 0 0 	0 0 0 	0 0 0 	
0 0 0 	2 0 0 	0 0 0 	


----------------------------------------------
(move 1 5 )
----------------------------------------------
headers: 
Content-Length :  201
body: 
0 2 2 	1 2 1 	1 0 0 	
0 2 0 	0 0 2 	0 0 0 	
0 2 0 	0 0 2 	0 0 0 	

1 0 0 	1 0 0 	1 0 0 	
0 0 0 	0 1 0 	2 0 0 	
0 0 2 	0 2 0 	0 0 0 	

1 0 0 	1 1 0 	1 1 0 	
0 0 0 	0 0 0 	0 0 0 	
0 0 0 	2 0 0 	0 0 0 	


----------------------------------------------
(move 4 8 )
----------------------------------------------
headers: 
Content-Length :  201
body: 
0 2 2 	1 2 1 	1 0 0 	
0 2 0 	0 0 2 	0 0 0 	
0 2 0 	0 0 2 	0 0 0 	

1 0 0 	1 0 0 	1 0 0 	
0 0 0 	0 1 0 	2 0 0 	
0 0 2 	0 2 0 	0 0 0 	

1 0 0 	1 1 0 	1 1 0 	
0 0 0 	0 0 0 	0 0 0 	
0 0 0 	2 0 0 	0 0 0 	


----------------------------------------------
(move 6 4 )
----------------------------------------------
headers: 
Content-Length :  201
body: 
0 2 2 	1 2 1 	1 0 0 	
0 2 0 	0 0 2 	0 0 0 	
0 2 0 	0 0 2 	0 0 0 	

1 0 0 	1 0 0 	1 0 0 	
0 0 0 	0 1 0 	2 0 0 	
0 0 2 	0 2 0 	0 0 0 	

1 0 0 	1 1 0 	1 1 0 	
0 0 0 	0 0 0 	0 0 0 	
0 0 0 	2 0 0 	0 0 0 	


----------------------------------------------
(move 7 6 )
----------------------------------------------
headers: 
Content-Length :  201
body: 
0 2 2 	1 2 1 	1 0 0 	
0 2 0 	0 0 2 	0 0 0 	
0 2 0 	0 0 2 	0 0 0 	

1 0 0 	1 0 0 	1 0 0 	
0 0 0 	0 1 0 	2 0 0 	
0 0 2 	0 2 0 	0 0 0 	

1 0 0 	1 1 0 	1 1 0 	
0 0 0 	0 0 0 	0 0 0 	
0 0 0 	2 0 0 	0 0 0 	


----------------------------------------------
(move 5 3 )
----------------------------------------------
headers: 
Content-Length :  201
body: 
0 2 2 	1 2 1 	1 0 0 	
0 2 0 	0 0 2 	0 0 0 	
0 2 0 	0 0 2 	0 0 0 	

1 0 0 	1 0 0 	1 0 0 	
0 0 0 	0 1 0 	2 0 0 	
0 0 2 	0 2 0 	0 0 0 	

1 0 0 	1 1 0 	1 1 0 	
0 0 0 	0 0 0 	0 0 0 	
0 0 0 	2 0 0 	0 0 0 	


----------------------------------------------
(move 6 3 )
----------------------------------------------
headers: 
Content-Length :  201
body: 
0 2 2 	1 2 1 	1 0 0 	
0 2 0 	0 0 2 	0 0 0 	
0 2 0 	0 0 2 	0 0 0 	

1 0 0 	1 0 0 	1 0 0 	
0 0 0 	0 1 0 	2 0 0 	
0 0 2 	0 2 0 	0 0 0 	

1 0 0 	1 1 0 	1 1 0 	
0 0 0 	0 0 0 	0 0 0 	
0 0 0 	2 0 0 	0 0 0 	


----------------------------------------------
(move 2 4 )
----------------------------------------------
headers: 
Content-Length :  201
body: 
0 2 2 	1 2 1 	1 0 0 	
0 2 0 	0 0 2 	0 0 0 	
0 2 0 	0 0 2 	0 0 0 	

1 0 0 	1 0 0 	1 0 0 	
0 0 0 	0 1 0 	2 0 0 	
0 0 2 	0 2 0 	0 0 0 	

1 0 0 	1 1 0 	1 1 0 	
0 0 0 	0 0 0 	0 0 0 	
0 0 0 	2 0 0 	0 0 0 	


----------------------------------------------
(move 3 9 )
----------------------------------------------
headers: 
Content-Length :  201
body: 
0 2 2 	1 2 1 	1 0 0 	
0 2 0 	0 0 2 	0 0 0 	
0 2 0 	0 0 2 	0 0 2 	

1 0 0 	1 0 0 	1 0 0 	
0 0 0 	0 1 0 	2 0 0 	
0 0 2 	0 2 0 	0 0 0 	

1 0 0 	1 1 0 	1 1 1 	
0 0 0 	0 0 0 	0 0 0 	
0 0 0 	2 0 0 	0 0 0 	


----------------------------------------------
(move 4 3 )
----------------------------------------------
headers: 
Content-Length :  201
body: 
0 2 2 	1 2 1 	1 0 0 	
0 2 0 	0 0 2 	0 0 0 	
0 2 0 	0 0 2 	0 0 2 	

1 0 0 	1 0 0 	1 0 0 	
0 0 0 	0 1 0 	2 0 0 	
0 0 2 	0 2 0 	0 0 0 	

1 0 0 	1 1 0 	1 1 1 	
0 0 0 	0 0 0 	0 0 0 	
0 0 0 	2 0 0 	0 0 0 	


----------------------------------------------
(move 1 1 )
----------------------------------------------
headers: 
Content-Length :  201
body: 
0 2 2 	1 2 1 	1 0 0 	
0 2 0 	0 0 2 	0 0 0 	
0 2 0 	0 0 2 	0 0 2 	

1 0 0 	1 0 0 	1 0 0 	
0 0 0 	0 1 0 	2 0 0 	
0 0 2 	0 2 0 	0 0 0 	

1 0 0 	1 1 0 	1 1 1 	
0 0 0 	0 0 0 	0 0 0 	
0 0 0 	2 0 0 	0 0 0 	


----------------------------------------------
(move 8 3 )
----------------------------------------------
headers: 
Content-Length :  201
body: 
0 2 2 	1 2 1 	1 0 0 	
0 2 0 	0 0 2 	0 0 0 	
0 2 0 	0 0 2 	0 0 2 	

1 0 0 	1 0 0 	1 0 0 	
0 0 0 	0 1 0 	2 0 0 	
0 0 2 	0 2 0 	0 0 0 	

1 0 0 	1 1 0 	1 1 1 	
0 0 0 	0 0 0 	0 0 0 	
0 0 0 	2 0 0 	0 0 0 	


----------------------------------------------
(move 5 4 )
----------------------------------------------
headers: 
Content-Length :  201
body: 
0 2 2 	1 2 1 	1 0 0 	
0 2 0 	0 0 2 	0 0 0 	
0 2 0 	0 0 2 	0 0 2 	

1 0 0 	1 0 0 	1 0 0 	
0 0 0 	0 1 0 	2 0 0 	
0 0 2 	0 2 0 	0 0 0 	

1 0 0 	1 1 0 	1 1 1 	
0 0 0 	0 0 0 	0 0 0 	
0 0 0 	2 0 0 	0 0 0 	


----------------------------------------------
(move 7 3 )
----------------------------------------------
headers: 
Content-Length :  201
body: 
0 2 2 	1 2 1 	1 0 0 	
0 2 0 	0 0 2 	0 0 0 	
0 2 0 	0 0 2 	0 0 2 	

1 0 0 	1 0 0 	1 0 0 	
0 0 0 	0 1 0 	2 0 0 	
0 0 2 	0 2 0 	0 0 0 	

1 0 0 	1 1 0 	1 1 1 	
0 0 0 	0 0 0 	0 0 0 	
0 0 0 	2 0 0 	0 0 0 	


----------------------------------------------
(move 6 2 )
----------------------------------------------
headers: 
Content-Length :  201
body: 
0 2 2 	1 2 1 	1 0 0 	
0 2 0 	0 0 2 	0 0 0 	
0 2 0 	0 0 2 	0 0 2 	

1 0 0 	1 0 0 	1 0 0 	
0 0 0 	0 1 0 	2 0 0 	
0 0 2 	0 2 0 	0 0 0 	

1 0 0 	1 1 0 	1 1 1 	
0 0 0 	0 0 0 	0 0 0 	
0 0 0 	2 0 0 	0 0 0 	


----------------------------------------------
(move 3 7 )
----------------------------------------------
headers: 
Content-Length :  201
body: 
0 2 2 	1 2 1 	1 0 0 	
0 2 0 	0 0 2 	0 0 0 	
0 2 0 	0 0 2 	2 0 2 	

1 0 0 	1 0 0 	1 0 0 	
0 0 0 	0 1 0 	2 0 0 	
0 0 2 	0 2 0 	0 0 0 	

1 1 0 	1 1 0 	1 1 1 	
0 0 0 	0 0 0 	0 0 0 	
0 0 0 	2 0 0 	0 0 0 	


----------------------------------------------
(move 5 3 )
----------------------------------------------
headers: 
Content-Length :  201
body: 
0 2 2 	1 2 1 	1 0 0 	
0 2 0 	0 0 2 	0 0 0 	
0 2 0 	0 0 2 	2 0 2 	

1 0 0 	1 0 0 	1 0 0 	
0 0 0 	0 1 0 	2 0 0 	
0 0 2 	0 2 0 	0 0 0 	

1 1 0 	1 1 0 	1 1 1 	
0 0 0 	0 0 0 	0 0 0 	
0 0 0 	2 0 0 	0 0 0 	


----------------------------------------------
(move 3 8 )
----------------------------------------------
headers: 
Content-Length :  201
body: 
0 2 2 	1 2 1 	1 0 0 	
0 2 0 	0 0 2 	0 0 0 	
0 2 0 	0 0 2 	2 0 2 	

1 0 0 	1 0 0 	1 0 0 	
0 0 0 	0 1 0 	2 0 0 	
0 0 2 	0 2 0 	0 0 0 	

1 1 0 	1 1 0 	1 1 1 	
0 0 0 	0 0 0 	0 0 0 	
0 0 0 	2 0 0 	0 0 0 	


----------------------------------------------
(move 9 6 )
----------------------------------------------
headers: 
Content-Length :  201
body: 
0 2 2 	1 2 1 	1 0 0 	
0 2 0 	0 0 2 	0 0 0 	
0 2 0 	0 0 2 	2 0 2 	

1 0 0 	1 0 0 	1 0 0 	
0 0 0 	0 1 0 	2 0 0 	
0 0 2 	0 2 0 	0 0 0 	

1 1 0 	1 1 0 	1 1 1 	
0 0 0 	0 0 0 	0 0 0 	
0 0 0 	2 0 0 	0 0 0 	


----------------------------------------------
(move 2 6 )
----------------------------------------------
headers: 
Content-Length :  201
body: 
0 2 2 	1 2 1 	1 0 0 	
0 2 0 	0 0 2 	0 0 0 	
0 2 0 	0 0 2 	2 0 2 	

1 0 0 	1 0 0 	1 0 0 	
0 0 0 	0 1 0 	2 0 0 	
0 0 2 	0 2 0 	0 0 0 	

1 1 0 	1 1 0 	1 1 1 	
0 0 0 	0 0 0 	0 0 0 	
0 0 0 	2 0 0 	0 0 0 	


----------------------------------------------
(move 2 5 )
----------------------------------------------
headers: 
Content-Length :  201
body: 
0 2 2 	1 2 1 	1 0 0 	
0 2 0 	0 2 2 	0 0 0 	
0 2 0 	0 0 2 	2 0 2 	

1 0 0 	1 1 0 	1 0 0 	
0 0 0 	0 1 0 	2 0 0 	
0 0 2 	0 2 0 	0 0 0 	

1 1 0 	1 1 0 	1 1 1 	
0 0 0 	0 0 0 	0 0 0 	
0 0 0 	2 0 0 	0 0 0 	


----------------------------------------------
(move 9 5 )
----------------------------------------------
headers: 
Content-Length :  201
body: 
0 2 2 	1 2 1 	1 0 0 	
0 2 0 	0 2 2 	0 0 0 	
0 2 0 	0 0 2 	2 0 2 	

1 0 0 	1 1 0 	1 0 0 	
0 0 0 	0 1 0 	2 0 0 	
0 0 2 	0 2 0 	0 0 0 	

1 1 0 	1 1 0 	1 1 1 	
0 0 0 	0 0 0 	0 0 0 	
0 0 0 	2 0 0 	0 0 0 	


----------------------------------------------
(move 7 8 )
----------------------------------------------
headers: 
Content-Length :  201
body: 
0 2 2 	1 2 1 	1 0 0 	
0 2 0 	0 2 2 	0 0 0 	
0 2 0 	0 0 2 	2 0 2 	

1 0 0 	1 1 0 	1 0 0 	
0 0 0 	0 1 0 	2 0 0 	
0 0 2 	0 2 0 	0 0 0 	

1 1 0 	1 1 0 	1 1 1 	
0 0 0 	0 0 0 	0 0 0 	
0 0 0 	2 0 0 	0 0 0 	


----------------------------------------------
(move 6 9 )
----------------------------------------------
headers: 
Content-Length :  201
body: 
0 2 2 	1 2 1 	1 0 0 	
0 2 0 	0 2 2 	0 0 0 	
0 2 0 	0 0 2 	2 0 2 	

1 0 0 	1 1 0 	1 0 0 	
0 0 0 	0 1 0 	2 0 0 	
0 0 2 	0 2 0 	0 0 0 	

1 1 0 	1 1 0 	1 1 1 	
0 0 0 	0 0 0 	0 0 0 	
0 0 0 	2 0 0 	0 0 0 	


----------------------------------------------
(move 7 1 )
----------------------------------------------
headers: 
Content-Length :  201
body: 
0 2 2 	1 2 1 	1 0 0 	
0 2 0 	0 2 2 	0 0 0 	
0 2 0 	0 0 2 	2 0 2 	

1 0 0 	1 1 0 	1 0 0 	
0 0 0 	0 1 0 	2 0 0 	
0 0 2 	0 2 0 	0 0 0 	

1 1 0 	1 1 0 	1 1 1 	
0 0 0 	0 0 0 	0 0 0 	
0 0 0 	2 0 0 	0 0 0 	


----------------------------------------------
(move 9 5 )
----------------------------------------------
headers: 
Content-Length :  201
body: 
0 2 2 	1 2 1 	1 0 0 	
0 2 0 	0 2 2 	0 0 0 	
0 2 0 	0 0 2 	2 0 2 	

1 0 0 	1 1 0 	1 0 0 	
0 0 0 	0 1 0 	2 0 0 	
0 0 2 	0 2 0 	0 0 0 	

1 1 0 	1 1 0 	1 1 1 	
0 0 0 	0 0 0 	0 0 0 	
0 0 0 	2 0 0 	0 0 0 	


----------------------------------------------
(move 1 8 )
----------------------------------------------
headers: 
Content-Length :  201
body: 
0 2 2 	1 2 1 	1 0 0 	
0 2 0 	0 2 2 	0 0 0 	
0 2 0 	0 0 2 	2 0 2 	

1 0 0 	1 1 0 	1 0 0 	
0 0 0 	0 1 0 	2 0 0 	
0 0 2 	0 2 0 	0 0 0 	

1 1 0 	1 1 0 	1 1 1 	
0 0 0 	0 0 0 	0 0 0 	
0 0 0 	2 0 0 	0 0 0 	


----------------------------------------------
(move 5 3 )
----------------------------------------------
headers: 
Content-Length :  201
body: 
0 2 2 	1 2 1 	1 0 0 	
0 2 0 	0 2 2 	0 0 0 	
0 2 0 	0 0 2 	2 0 2 	

1 0 0 	1 1 0 	1 0 0 	
0 0 0 	0 1 0 	2 0 0 	
0 0 2 	0 2 0 	0 0 0 	

1 1 0 	1 1 0 	1 1 1 	
0 0 0 	0 0 0 	0 0 0 	
0 0 0 	2 0 0 	0 0 0 	


----------------------------------------------
(move 9 2 )
----------------------------------------------
headers: 
Content-Length :  201
body: 
0 2 2 	1 2 1 	1 0 0 	
0 2 0 	0 2 2 	0 0 0 	
0 2 0 	0 0 2 	2 0 2 	

1 0 0 	1 1 0 	1 0 0 	
0 0 0 	0 1 0 	2 0 0 	
0 0 2 	0 2 0 	0 0 0 	

1 1 0 	1 1 0 	1 1 1 	
0 0 0 	0 0 0 	0 0 0 	
0 0 0 	2 0 0 	0 0 0 	


----------------------------------------------
(move 6 3 )
----------------------------------------------
headers: 
Content-Length :  201
body: 
0 2 2 	1 2 1 	1 0 0 	
0 2 0 	0 2 2 	0 0 0 	
0 2 0 	0 0 2 	2 0 2 	

1 0 0 	1 1 0 	1 0 0 	
0 0 0 	0 1 0 	2 0 0 	
0 0 2 	0 2 0 	0 0 0 	

1 1 0 	1 1 0 	1 1 1 	
0 0 0 	0 0 0 	0 0 0 	
0 0 0 	2 0 0 	0 0 0 	


----------------------------------------------
(move 4 8 )
----------------------------------------------
headers: 
Content-Length :  201
body: 
0 2 2 	1 2 1 	1 0 0 	
0 2 0 	0 2 2 	0 0 0 	
0 2 0 	0 0 2 	2 0 2 	

1 0 0 	1 1 0 	1 0 0 	
0 0 0 	0 1 0 	2 0 0 	
0 0 2 	0 2 0 	0 0 0 	

1 1 0 	1 1 0 	1 1 1 	
0 0 0 	0 0 0 	0 0 0 	
0 0 0 	2 0 0 	0 0 0 	


----------------------------------------------
(move 9 8 )
----------------------------------------------
headers: 
Content-Length :  201
body: 
0 2 2 	1 2 1 	1 0 0 	
0 2 0 	0 2 2 	0 0 0 	
0 2 0 	0 0 2 	2 0 2 	

1 0 0 	1 1 0 	1 0 0 	
0 0 0 	0 1 0 	2 0 0 	
0 0 2 	0 2 0 	0 0 0 	

1 1 0 	1 1 0 	1 1 1 	
0 0 0 	0 0 0 	0 0 0 	
0 0 0 	2 0 0 	0 0 0 	


----------------------------------------------
(move 9 2 )
----------------------------------------------
headers: 
Content-Length :  201
body: 
0 2 2 	1 2 1 	1 0 0 	
0 2 0 	0 2 2 	0 0 0 	
0 2 0 	0 0 2 	2 0 2 	

1 0 0 	1 1 0 	1 0 0 	
0 0 0 	0 1 0 	2 0 0 	
0 0 2 	0 2 0 	0 0 0 	

1 1 0 	1 1 0 	1 1 1 	
0 0 0 	0 0 0 	0 0 0 	
0 0 0 	2 0 0 	0 0 0 	


----------------------------------------------
(move 4 8 )
----------------------------------------------
headers: 
Content-Length :  201
body: 
0 2 2 	1 2 1 	1 0 0 	
0 2 0 	0 2 2 	0 0 0 	
0 2 0 	0 0 2 	2 0 2 	

1 0 0 	1 1 0 	1 0 0 	
0 0 0 	0 1 0 	2 0 0 	
0 0 2 	0 2 0 	0 0 0 	

1 1 0 	1 1 0 	1 1 1 	
0 0 0 	0 0 0 	0 0 0 	
0 0 0 	2 0 0 	0 0 0 	


----------------------------------------------
(move 6 3 )
----------------------------------------------
headers: 
Content-Length :  201
body: 
0 2 2 	1 2 1 	1 0 0 	
0 2 0 	0 2 2 	0 0 0 	
0 2 0 	0 0 2 	2 0 2 	

1 0 0 	1 1 0 	1 0 0 	
0 0 0 	0 1 0 	2 0 0 	
0 0 2 	0 2 0 	0 0 0 	

1 1 0 	1 1 0 	1 1 1 	
0 0 0 	0 0 0 	0 0 0 	
0 0 0 	2 0 0 	0 0 0 	


----------------------------------------------
(move 4 7 )
----------------------------------------------
headers: 
Content-Length :  201
body: 
0 2 2 	1 2 1 	1 0 0 	
0 2 0 	0 2 2 	0 0 0 	
0 2 0 	0 0 2 	2 0 2 	

1 0 0 	1 1 0 	1 0 0 	
0 0 0 	0 1 0 	2 0 0 	
0 0 2 	0 2 0 	0 0 0 	

1 1 0 	1 1 0 	1 1 1 	
0 0 0 	0 0 0 	0 0 0 	
0 0 0 	2 0 0 	0 0 0 	


----------------------------------------------
(move 7 1 )
----------------------------------------------
headers: 
Content-Length :  201
body: 
0 2 2 	1 2 1 	1 0 0 	
0 2 0 	0 2 2 	0 0 0 	
0 2 0 	0 0 2 	2 0 2 	

1 0 0 	1 1 0 	1 0 0 	
0 0 0 	0 1 0 	2 0 0 	
0 0 2 	0 2 0 	0 0 0 	

1 1 0 	1 1 0 	1 1 1 	
0 0 0 	0 0 0 	0 0 0 	
0 0 0 	2 0 0 	0 0 0 	


----------------------------------------------
(move 3 2 )
----------------------------------------------
headers: 
Content-Length :  201
body: 
0 2 2 	1 2 1 	1 0 0 	
0 2 0 	0 2 2 	0 0 0 	
0 2 0 	0 0 2 	2 0 2 	

1 0 0 	1 1 0 	1 0 0 	
0 0 0 	0 1 0 	2 0 0 	
0 0 2 	0 2 0 	0 0 0 	

1 1 0 	1 1 0 	1 1 1 	
0 0 0 	0 0 0 	0 0 0 	
0 0 0 	2 0 0 	0 0 0 	


----------------------------------------------
(move 8 8 )
----------------------------------------------
headers: 
Content-Length :  201
body: 
0 2 2 	1 2 1 	1 0 0 	
0 2 0 	0 2 2 	0 0 0 	
0 2 0 	0 0 2 	2 0 2 	

1 0 0 	1 1 0 	1 0 0 	
0 0 0 	0 1 0 	2 0 0 	
0 0 2 	0 2 0 	0 0 0 	

1 1 0 	1 1 0 	1 1 1 	
0 0 0 	0 0 0 	0 0 0 	
0 0 0 	2 0 0 	0 0 0 	


----------------------------------------------
(move 9 3 )
----------------------------------------------
headers: 
Content-Length :  201
body: 
0 2 2 	1 2 1 	1 0 0 	
0 2 0 	0 2 2 	0 0 0 	
0 2 0 	0 0 2 	2 0 2 	

1 0 0 	1 1 0 	1 0 0 	
0 0 0 	0 1 0 	2 0 0 	
0 0 2 	0 2 0 	0 0 0 	

1 1 0 	1 1 0 	1 1 1 	
0 0 0 	0 0 0 	0 0 0 	
0 0 0 	2 0 0 	0 0 0 	


----------------------------------------------
(move 6 8 )
----------------------------------------------
headers: 
Content-Length :  201
body: 
0 2 2 	1 2 1 	1 0 0 	
0 2 0 	0 2 2 	0 0 0 	
0 2 0 	0 0 2 	2 0 2 	

1 0 0 	1 1 0 	1 0 0 	
0 0 0 	0 1 0 	2 0 0 	
0 0 2 	0 2 0 	0 0 0 	

1 1 0 	1 1 0 	1 1 1 	
0 0 0 	0 0 0 	0 0 0 	
0 0 0 	2 0 0 	0 0 0 	


----------------------------------------------
(move 8 5 )
----------------------------------------------
headers: 
Content-Length :  201
body: 
0 2 2 	1 2 1 	1 0 0 	
0 2 0 	0 2 2 	0 0 0 	
0 2 0 	0 0 2 	2 0 2 	

1 0 0 	1 1 0 	1 0 0 	
0 0 0 	0 1 0 	2 0 0 	
0 0 2 	0 2 0 	0 0 0 	

1 1 0 	1 1 0 	1 1 1 	
0 0 0 	0 0 0 	0 0 0 	
0 0 0 	2 0 0 	0 0 0 	


----------------------------------------------
(move 4 1 )
----------------------------------------------
headers: 
Content-Length :  201
body: 
0 2 2 	1 2 1 	1 0 0 	
0 2 0 	0 2 2 	0 0 0 	
0 2 0 	0 0 2 	2 0 2 	

1 0 0 	1 1 0 	1 0 0 	
0 0 0 	0 1 0 	2 0 0 	
0 0 2 	0 2 0 	0 0 0 	

1 1 0 	1 1 0 	1 1 1 	
0 0 0 	0 0 0 	0 0 0 	
0 0 0 	2 0 0 	0 0 0 	


----------------------------------------------
(move 7 1 )
----------------------------------------------
headers: 
Content-Length :  201
body: 
0 2 2 	1 2 1 	1 0 0 	
0 2 0 	0 2 2 	0 0 0 	
0 2 0 	0 0 2 	2 0 2 	

1 0 0 	1 1 0 	1 0 0 	
0 0 0 	0 1 0 	2 0 0 	
0 0 2 	0 2 0 	0 0 0 	

1 1 0 	1 1 0 	1 1 1 	
0 0 0 	0 0 0 	0 0 0 	
0 0 0 	2 0 0 	0 0 0 	


----------------------------------------------
(move 3 1 )
----------------------------------------------
headers: 
Content-Length :  201
body: 
0 2 2 	1 2 1 	1 0 0 	
0 2 0 	0 2 2 	0 0 0 	
0 2 0 	0 0 2 	2 0 2 	

1 0 0 	1 1 0 	1 0 0 	
0 0 0 	0 1 0 	2 0 0 	
0 0 2 	0 2 0 	0 0 0 	

1 1 0 	1 1 0 	1 1 1 	
0 0 0 	0 0 0 	0 0 0 	
0 0 0 	2 0 0 	0 0 0 	


----------------------------------------------
(move 3 4 )
----------------------------------------------
headers: 
Content-Length :  201
body: 
0 2 2 	1 2 1 	1 0 0 	
0 2 0 	0 2 2 	0 0 0 	
0 2 0 	2 0 2 	2 0 2 	

1 0 0 	1 1 0 	1 0 0 	
0 0 0 	0 1 0 	2 0 0 	
0 0 2 	0 2 0 	0 0 0 	

1 1 1 	1 1 0 	1 1 1 	
0 0 0 	0 0 0 	0 0 0 	
0 0 0 	2 0 0 	0 0 0 	


----------------------------------------------
(move 7 3 )
----------------------------------------------
headers: 
Content-Length :  201
body: 
0 2 2 	1 2 1 	1 0 0 	
0 2 0 	0 2 2 	0 0 0 	
0 2 0 	2 0 2 	2 0 2 	

1 0 0 	1 1 0 	1 0 0 	
0 0 0 	0 1 0 	2 0 0 	
0 0 2 	0 2 0 	0 0 0 	

1 1 1 	1 1 0 	1 1 1 	
0 0 0 	0 0 0 	0 0 0 	
0 0 0 	2 0 0 	0 0 0 	


----------------------------------------------
(move 9 6 )
----------------------------------------------
headers: 
Content-Length :  201
body: 
0 2 2 	1 2 1 	1 0 0 	
0 2 0 	0 2 2 	0 0 0 	
0 2 0 	2 0 2 	2 0 2 	

1 0 0 	1 1 0 	1 0 0 	
0 0 0 	0 1 0 	2 0 0 	
0 0 2 	0 2 0 	0 0 0 	

1 1 1 	1 1 0 	1 1 1 	
0 0 0 	0 0 0 	0 0 0 	
0 0 0 	2 0 0 	0 0 0 	


----------------------------------------------
(move 2 3 )
----------------------------------------------
headers: 
Content-Length :  201
body: 
0 2 2 	1 2 1 	1 0 0 	
0 2 0 	0 2 2 	0 0 0 	
0 2 0 	2 0 2 	2 0 2 	

1 0 0 	1 1 0 	1 0 0 	
0 0 0 	0 1 0 	2 0 0 	
0 0 2 	0 2 0 	0 0 0 	

1 1 1 	1 1 0 	1 1 1 	
0 0 0 	0 0 0 	0 0 0 	
0 0 0 	2 0 0 	0 0 0 	


----------------------------------------------
(move 2 7 )
----------------------------------------------
headers: 
Content-Length :  201
body: 
0 2 2 	1 2 1 	1 0 0 	
0 2 0 	0 2 2 	2 0 0 	
0 2 0 	2 0 2 	2 0 2 	

1 1 0 	1 1 0 	1 0 0 	
0 0 0 	0 1 0 	2 0 0 	
0 0 2 	0 2 0 	0 0 0 	

1 1 1 	1 1 0 	1 1 1 	
0 0 0 	0 0 0 	0 0 0 	
0 0 0 	2 0 0 	0 0 0 	


----------------------------------------------
(move 3 3 )
----------------------------------------------
headers: 
Content-Length :  201
body: 
0 2 2 	1 2 1 	1 0 0 	
0 2 0 	0 2 2 	2 0 0 	
0 2 0 	2 0 2 	2 0 2 	

1 1 0 	1 1 0 	1 0 0 	
0 0 0 	0 1 0 	2 0 0 	
0 0 2 	0 2 0 	0 0 0 	

1 1 1 	1 1 0 	1 1 1 	
0 0 0 	0 0 0 	0 0 0 	
0 0 0 	2 0 0 	0 0 0 	


----------------------------------------------
(move 3 8 )
----------------------------------------------
headers: 
Content-Length :  201
body: 
0 2 2 	1 2 1 	1 0 0 	
0 2 0 	0 2 2 	2 0 0 	
0 2 0 	2 0 2 	2 0 2 	

1 1 0 	1 1 0 	1 0 0 	
0 0 0 	0 1 0 	2 0 0 	
0 0 2 	0 2 0 	0 0 0 	

1 1 1 	1 1 0 	1 1 1 	
0 0 0 	0 0 0 	0 0 0 	
0 0 0 	2 0 0 	0 0 0 	


----------------------------------------------
(move 4 3 )
----------------------------------------------
headers: 
Content-Length :  201
body: 
0 2 2 	1 2 1 	1 0 0 	
0 2 0 	0 2 2 	2 0 0 	
0 2 0 	2 0 2 	2 0 2 	

1 1 0 	1 1 0 	1 0 0 	
0 0 0 	0 1 0 	2 0 0 	
0 0 2 	0 2 0 	0 0 0 	

1 1 1 	1 1 0 	1 1 1 	
0 0 0 	0 0 0 	0 0 0 	
0 0 0 	2 0 0 	0 0 0 	


----------------------------------------------
(move 7 9 )
----------------------------------------------
headers: 
Content-Length :  201
body: 
0 2 2 	1 2 1 	1 0 0 	
0 2 0 	0 2 2 	2 0 0 	
0 2 0 	2 0 2 	2 0 2 	

1 1 0 	1 1 0 	1 0 0 	
0 0 0 	0 1 0 	2 0 0 	
0 0 2 	0 2 0 	0 0 0 	

1 1 1 	1 1 0 	1 1 1 	
0 0 0 	0 0 0 	0 0 0 	
0 0 0 	2 0 0 	0 0 0 	


----------------------------------------------
(move 8 4 )
----------------------------------------------
headers: 
Content-Length :  201
body: 
0 2 2 	1 2 1 	1 0 0 	
0 2 0 	0 2 2 	2 0 0 	
0 2 0 	2 0 2 	2 0 2 	

1 1 0 	1 1 0 	1 0 0 	
0 0 0 	0 1 0 	2 0 0 	
0 0 2 	0 2 0 	0 0 0 	

1 1 1 	1 1 0 	1 1 1 	
0 0 0 	0 0 0 	0 0 0 	
0 0 0 	2 0 0 	0 0 0 	


----------------------------------------------
(move 1 5 )
----------------------------------------------
headers: 
Content-Length :  201
body: 
0 2 2 	1 2 1 	1 0 0 	
0 2 0 	0 2 2 	2 0 0 	
0 2 0 	2 0 2 	2 0 2 	

1 1 0 	1 1 0 	1 0 0 	
0 0 0 	0 1 0 	2 0 0 	
0 0 2 	0 2 0 	0 0 0 	

1 1 1 	1 1 0 	1 1 1 	
0 0 0 	0 0 0 	0 0 0 	
0 0 0 	2 0 0 	0 0 0 	


----------------------------------------------
(move 3 6 )
----------------------------------------------
headers: 
Content-Length :  201
body: 
0 2 2 	1 2 1 	1 0 0 	
0 2 0 	0 2 2 	2 0 0 	
0 2 0 	2 0 2 	2 0 2 	

1 1 0 	1 1 0 	1 0 0 	
0 0 0 	0 1 0 	2 0 0 	
0 0 2 	0 2 0 	0 0 0 	

1 1 1 	1 1 0 	1 1 1 	
0 0 0 	0 0 0 	0 0 0 	
0 0 0 	2 0 0 	0 0 0 	


----------------------------------------------
(move 9 4 )
----------------------------------------------
headers: 
Content-Length :  201
body: 
0 2 2 	1 2 1 	1 0 0 	
0 2 0 	0 2 2 	2 0 0 	
0 2 0 	2 0 2 	2 0 2 	

1 1 0 	1 1 0 	1 0 0 	
0 0 0 	0 1 0 	2 0 0 	
0 0 2 	0 2 0 	0 0 0 	

1 1 1 	1 1 0 	1 1 1 	
0 0 0 	0 0 0 	0 0 0 	
0 0 0 	2 0 0 	0 0 0 	


----------------------------------------------
(move 6 4 )
----------------------------------------------
headers: 
Content-Length :  201
body: 
0 2 2 	1 2 1 	1 0 0 	
0 2 0 	0 2 2 	2 0 0 	
0 2 0 	2 0 2 	2 0 2 	

1 1 0 	1 1 0 	1 0 0 	
0 0 0 	0 1 0 	2 0 0 	
0 0 2 	0 2 0 	0 0 0 	

1 1 1 	1 1 0 	1 1 1 	
0 0 0 	0 0 0 	0 0 0 	
0 0 0 	2 0 0 	0 0 0 	


----------------------------------------------
(move 5 6 )
----------------------------------------------
headers: 
Content-Length :  201
body: 
0 2 2 	1 2 1 	1 0 0 	
0 2 0 	0 2 2 	2 0 0 	
0 2 0 	2 0 2 	2 0 2 	

1 1 0 	1 1 0 	1 0 0 	
0 0 0 	0 1 0 	2 0 0 	
0 0 2 	0 2 0 	0 0 0 	

1 1 1 	1 1 0 	1 1 1 	
0 0 0 	0 0 0 	0 0 0 	
0 0 0 	2 0 0 	0 0 0 	


----------------------------------------------
(move 5 5 )
----------------------------------------------
headers: 
Content-Length :  201
body: 
0 2 2 	1 2 1 	1 0 0 	
0 2 0 	0 2 2 	2 0 0 	
0 2 0 	2 0 2 	2 0 2 	

1 1 0 	1 1 0 	1 0 0 	
0 0 0 	0 1 0 	2 0 0 	
0 0 2 	0 2 0 	0 0 0 	

1 1 1 	1 1 0 	1 1 1 	
0 0 0 	0 0 0 	0 0 0 	
0 0 0 	2 0 0 	0 0 0 	


----------------------------------------------
(move 9 2 )
----------------------------------------------
headers: 
Content-Length :  201
body: 
0 2 2 	1 2 1 	1 0 0 	
0 2 0 	0 2 2 	2 0 0 	
0 2 0 	2 0 2 	2 0 2 	

1 1 0 	1 1 0 	1 0 0 	
0 0 0 	0 1 0 	2 0 0 	
0 0 2 	0 2 0 	0 0 0 	

1 1 1 	1 1 0 	1 1 1 	
0 0 0 	0 0 0 	0 0 0 	
0 0 0 	2 0 0 	0 0 0 	


----------------------------------------------
(move 7 8 )
----------------------------------------------
headers: 
Content-Length :  201
body: 
0 2 2 	1 2 1 	1 0 0 	
0 2 0 	0 2 2 	2 0 0 	
0 2 0 	2 0 2 	2 0 2 	

1 1 0 	1 1 0 	1 0 0 	
0 0 0 	0 1 0 	2 0 0 	
0 0 2 	0 2 0 	0 0 0 	

1 1 1 	1 1 0 	1 1 1 	
0 0 0 	0 0 0 	0 0 0 	
0 0 0 	2 0 0 	0 0 0 	


----------------------------------------------
(move 5 7 )
----------------------------------------------
headers: 
Content-Length :  201
body: 
0 2 2 	1 2 1 	1 0 0 	
0 2 0 	0 2 2 	2 0 0 	
0 2 0 	2 0 2 	2 0 2 	

1 1 0 	1 1 0 	1 0 0 	
0 0 0 	0 1 0 	2 0 0 	
0 0 2 	0 2 0 	0 0 0 	

1 1 1 	1 1 0 	1 1 1 	
0 0 0 	0 0 0 	0 0 0 	
0 0 0 	2 0 0 	0 0 0 	


----------------------------------------------
(move 8 6 )
----------------------------------------------
headers: 
Content-Length :  201
body: 
0 2 2 	1 2 1 	1 0 0 	
0 2 0 	0 2 2 	2 0 0 	
0 2 0 	2 0 2 	2 0 2 	

1 1 0 	1 1 0 	1 0 0 	
0 0 0 	0 1 0 	2 0 0 	
0 0 2 	0 2 0 	0 0 0 	

1 1 1 	1 1 0 	1 1 1 	
0 0 0 	0 0 0 	0 0 0 	
0 0 0 	2 0 0 	0 0 0 	


----------------------------------------------
(move 4 9 )
----------------------------------------------
headers: 
Content-Length :  201
body: 
0 2 2 	1 2 1 	1 0 0 	
0 2 0 	0 2 2 	2 0 0 	
0 2 0 	2 0 2 	2 0 2 	

1 1 0 	1 1 0 	1 0 0 	
0 0 0 	0 1 0 	2 0 0 	
0 0 2 	0 2 0 	0 0 0 	

1 1 1 	1 1 0 	1 1 1 	
0 0 0 	0 0 0 	0 0 0 	
0 0 0 	2 0 0 	0 0 0 	


----------------------------------------------
(move 8 4 )
----------------------------------------------
headers: 
Content-Length :  201
body: 
0 2 2 	1 2 1 	1 0 0 	
0 2 0 	0 2 2 	2 0 0 	
0 2 0 	2 0 2 	2 0 2 	

1 1 0 	1 1 0 	1 0 0 	
0 0 0 	0 1 0 	2 0 0 	
0 0 2 	0 2 0 	0 0 0 	

1 1 1 	1 1 0 	1 1 1 	
0 0 0 	0 0 0 	0 0 0 	
0 0 0 	2 0 0 	0 0 0 	


----------------------------------------------
(move 7 9 )
----------------------------------------------
headers: 
Content-Length :  201
body: 
0 2 2 	1 2 1 	1 0 0 	
0 2 0 	0 2 2 	2 0 0 	
0 2 0 	2 0 2 	2 0 2 	

1 1 0 	1 1 0 	1 0 0 	
0 0 0 	0 1 0 	2 0 0 	
0 0 2 	0 2 0 	0 0 0 	

1 1 1 	1 1 0 	1 1 1 	
0 0 0 	0 0 0 	0 0 0 	
0 0 0 	2 0 0 	0 0 0 	


----------------------------------------------
(move 6 2 )
----------------------------------------------
headers: 
Content-Length :  201
body: 
0 2 2 	1 2 1 	1 0 0 	
0 2 0 	0 2 2 	2 0 0 	
0 2 0 	2 0 2 	2 0 2 	

1 1 0 	1 1 0 	1 0 0 	
0 0 0 	0 1 0 	2 0 0 	
0 0 2 	0 2 0 	0 0 0 	

1 1 1 	1 1 0 	1 1 1 	
0 0 0 	0 0 0 	0 0 0 	
0 0 0 	2 0 0 	0 0 0 	


----------------------------------------------
(move 7 3 )
----------------------------------------------
headers: 
Content-Length :  201
body: 
0 2 2 	1 2 1 	1 0 0 	
0 2 0 	0 2 2 	2 0 0 	
0 2 0 	2 0 2 	2 0 2 	

1 1 0 	1 1 0 	1 0 0 	
0 0 0 	0 1 0 	2 0 0 	
0 0 2 	0 2 0 	0 0 0 	

1 1 1 	1 1 0 	1 1 1 	
0 0 0 	0 0 0 	0 0 0 	
0 0 0 	2 0 0 	0 0 0 	


----------------------------------------------
(move 6 7 )
----------------------------------------------
headers: 
Content-Length :  201
body: 
0 2 2 	1 2 1 	1 0 0 	
0 2 0 	0 2 2 	2 0 0 	
0 2 0 	2 0 2 	2 0 2 	

1 1 0 	1 1 0 	1 0 0 	
0 0 0 	0 1 0 	2 0 0 	
0 0 2 	0 2 0 	0 0 0 	

1 1 1 	1 1 0 	1 1 1 	
0 0 0 	0 0 0 	0 0 0 	
0 0 0 	2 0 0 	0 0 0 	


----------------------------------------------
(move 7 6 )
----------------------------------------------
headers: 
Content-Length :  201
body: 
0 2 2 	1 2 1 	1 0 0 	
0 2 0 	0 2 2 	2 0 0 	
0 2 0 	2 0 2 	2 0 2 	

1 1 0 	1 1 0 	1 0 0 	
0 0 0 	0 1 0 	2 0 0 	
0 0 2 	0 2 0 	0 0 0 	

1 1 1 	1 1 0 	1 1 1 	
0 0 0 	0 0 0 	0 0 0 	
0 0 0 	2 0 0 	0 0 0 	


----------------------------------------------
(move 1 4 )
----------------------------------------------
headers: 
Content-Length :  201
body: 
0 2 2 	1 2 1 	1 0 0 	
0 2 0 	0 2 2 	2 0 0 	
0 2 0 	2 0 2 	2 0 2 	

1 1 0 	1 1 0 	1 0 0 	
0 0 0 	0 1 0 	2 0 0 	
0 0 2 	0 2 0 	0 0 0 	

1 1 1 	1 1 0 	1 1 1 	
0 0 0 	0 0 0 	0 0 0 	
0 0 0 	2 0 0 	0 0 0 	


----------------------------------------------
(move 9 6 )
----------------------------------------------
headers: 
Content-Length :  201
body: 
0 2 2 	1 2 1 	1 0 0 	
0 2 0 	0 2 2 	2 0 0 	
0 2 0 	2 0 2 	2 0 2 	

1 1 0 	1 1 0 	1 0 0 	
0 0 0 	0 1 0 	2 0 0 	
0 0 2 	0 2 0 	0 0 0 	

1 1 1 	1 1 0 	1 1 1 	
0 0 0 	0 0 0 	0 0 0 	
0 0 0 	2 0 0 	0 0 0 	


----------------------------------------------
(move 7 2 )
----------------------------------------------
headers: 
Content-Length :  201
body: 
0 2 2 	1 2 1 	1 0 0 	
0 2 0 	0 2 2 	2 0 0 	
0 2 0 	2 0 2 	2 0 2 	

1 1 0 	1 1 0 	1 0 0 	
0 0 0 	0 1 0 	2 0 0 	
0 0 2 	0 2 0 	0 0 0 	

1 1 1 	1 1 0 	1 1 1 	
0 0 0 	0 0 0 	0 0 0 	
0 0 0 	2 0 0 	0 0 0 	


----------------------------------------------
(move 3 9 )
----------------------------------------------
headers: 
Content-Length :  201
body: 
0 2 2 	1 2 1 	1 0 0 	
0 2 0 	0 2 2 	2 0 0 	
0 2 0 	2 0 2 	2 0 2 	

1 1 0 	1 1 0 	1 0 0 	
0 0 0 	0 1 0 	2 0 0 	
0 0 2 	0 2 0 	0 0 0 	

1 1 1 	1 1 0 	1 1 1 	
0 0 0 	0 0 0 	0 0 0 	
0 0 0 	2 0 0 	0 0 0 	


----------------------------------------------
(move 7 9 )
----------------------------------------------
headers: 
Content-Length :  201
body: 
0 2 2 	1 2 1 	1 0 0 	
0 2 0 	0 2 2 	2 0 0 	
0 2 0 	2 0 2 	2 0 2 	

1 1 0 	1 1 0 	1 0 0 	
0 0 0 	0 1 0 	2 0 0 	
0 0 2 	0 2 0 	0 0 0 	

1 1 1 	1 1 0 	1 1 1 	
0 0 0 	0 0 0 	0 0 0 	
0 0 0 	2 0 0 	0 0 0 	


----------------------------------------------
(move 1 2 )
-----------------------Makefile:21: recipe for target 'run_server' failed
